0 0.0 0.0 0.0 5.551115e-17 3.330669e-16 -4.440892e-16
1 -0.8373872353711198 -0.13275022388171395 -0.14670364125283453 -0.04690294 -0.02839928 0.8586941
2 -1.696070670191113 -0.13500345119133506 -0.17988619533398942 -0.09374345 -0.05676064 1.716275
3 -2.547150504164597 -0.08501399298327324 -0.06362392339612491 -0.1406429 -0.08515762 2.574964
4 -1.6955864857427745 -0.03735052458367548 -0.16939468206819336 -0.1874858 -0.1135202 3.432648
5 -0.8369575225461778 -0.0073440106377610295 -0.12243963832642503 -0.2343818 -0.141915 4.291335
6 0.014003037617176806 0.06629781296890763 -0.02752925952550657 -0.2812195 -0.1702743 5.148987
7 0.8742667963074194 0.08728715796847733 -0.021893628281830554 -0.3281178 -0.1986703 6.007777
8 1.7322357164141093 0.1193801766306843 0.016920948250807564 -0.3749547 -0.227029 6.865477
9 2.587955739022844 0.15655063751650955 0.09747433937899842 -0.4218367 -0.2554151 7.724036
10 3.4458702394081886 0.20867418978944977 0.14100213546041082 -0.4687329 -0.2838096 8.582886
11 4.302616721844541 0.24640955476420667 0.1926978460021709 -0.5155474 -0.3121547 9.440275
12 5.161738195262538 0.28135879188898066 0.22483290477067705 -0.562431 -0.3405416 10.29896
13 6.019887569229978 0.32775886040700425 0.26534159339011315 -0.6093087 -0.368925 11.15757
14 6.876077338784204 0.36714941371829346 0.3308154870479776 -0.6562052 -0.3973964 12.01541
15 7.730736677476063 0.38118390903014093 0.2875075800869361 -0.7018788 -0.4239119 12.86965
16 8.592752803780813 0.42840140879905914 0.31239657488817685 -0.7498241 -0.4540039 13.73146
17 9.462561894786452 0.4676355249414647 0.305069296602327 -0.7992511 -0.484077 14.60026
18 10.3434849094853 0.5023212059227607 0.30907907968476167 -0.8546642 -0.515507 15.47957
19 11.233739804723356 0.5452880359794868 0.34262573797674106 -0.9072868 -0.5464705 16.3694
20 12.134045812803665 0.5939859070667071 0.32925284160668433 -0.9609163 -0.5783595 17.26896
21 13.03933282285884 0.6338292455529632 0.32749428038938233 -1.011589 -0.6092403 18.17318
22 13.950838545937723 0.6842065330249012 0.3439686697988614 -1.066256 -0.6387363 19.08411
23 14.864423150599775 0.7331908771013469 0.32468236968085484 -1.118651 -0.6686219 19.99722
24 15.779864183194576 0.803538810447183 0.2987122468173353 -1.17184 -0.6990778 20.91368
25 16.706407635831802 0.8634688591319486 0.27865067521323134 -1.224279 -0.7287421 21.84042
26 17.63959452654261 0.9267824920298752 0.2395993859270136 -1.280807 -0.7604717 22.77432
27 18.57041784778764 0.9951371296540271 0.15306055408255775 -1.334841 -0.7929673 23.70953
28 19.508952930285112 1.0622300384757082 0.07688976451260904 -1.385747 -0.8209244 24.65175
29 20.449574701765652 1.136358642846283 -0.0026027904836946336 -1.436633 -0.8456208 25.59694
30 21.38995149058924 1.2122198213720554 -0.10914189129236594 -1.487044 -0.8702127 26.54471
31 22.331546444011146 1.2822530567750619 -0.24060809725705584 -1.538025 -0.8971121 27.49627
32 23.280854647643306 1.3551244669904556 -0.36377837238421334 -1.586551 -0.9254151 28.45466
33 24.239618933538143 1.4306197363047546 -0.48915205591522426 -1.633363 -0.955563 29.42293
34 25.204446573918144 1.5226107311771941 -0.6125760128491243 -1.680971 -0.9838377 30.39839
35 26.171846890790874 1.6080579838989448 -0.7499164101011199 -1.728893 -1.011772 31.37765
36 27.13032718328483 1.6892771530972968 -0.9405233347534816 -1.768976 -1.036363 32.35714
37 28.089648066243928 1.7915743992799107 -1.115900230272881 -1.815834 -1.059789 33.33631
38 29.0559253051098 1.8907798307360173 -1.284211765199537 -1.870663 -1.088016 34.32021
39 30.044092433222783 2.0029068724011974 -1.4787276905870208 -1.92978 -1.12988 35.33097
40 31.075628992414362 2.1100272434143643 -1.7001056027941668 -1.993748 -1.194548 36.38751
41 32.09386229049905 2.2201756367632033 -1.905843571091831 -2.061112 -1.249881 37.4285
42 33.10474661436493 2.335688956632179 -2.150829883601485 -2.126953 -1.305052 38.47151
43 34.10393948980843 2.45747339286349 -2.391945724331107 -2.190967 -1.349142 39.50365
44 35.103963589048234 2.5664673286115107 -2.6474100933511004 -2.256115 -1.393047 40.53855
45 36.08845489238195 2.6891969113415657 -2.908050746673239 -2.32994 -1.426813 41.56111
46 37.06754088880697 2.806334216619881 -3.187354784210398 -2.399728 -1.460731 42.58303
47 38.03105748140611 2.9373937781705104 -3.4695871287570377 -2.465214 -1.489501 43.59302
48 38.99131330322663 3.070817785563093 -3.745262937186235 -2.535885 -1.52285 44.5979
49 39.94310938052333 3.2109257310401644 -4.031233588902112 -2.600016 -1.559885 45.59882
50 40.88180342107319 3.3726734557692213 -4.341211521579832 -2.661881 -1.593756 46.59803
51 41.81294219808191 3.52142155376349 -4.666966457849082 -2.728914 -1.629817 47.59275
52 42.734685042084955 3.670105130832493 -4.993273578340113 -2.800794 -1.664529 48.57856
53 43.63920548398116 3.825543335796617 -5.338443018553775 -2.871336 -1.697621 49.556
54 44.55448744823029 3.9781134740675785 -5.667374555797062 -2.937935 -1.729013 50.53773
55 45.44512352009163 4.13586105915217 -6.05374503283222 -3.002463 -1.766742 51.51845
56 46.33690423415397 4.305010462424212 -6.420953983790889 -3.065844 -1.798994 52.49501
57 47.21418437246279 4.473190764554505 -6.805715010058124 -3.130185 -1.830051 53.46498
58 48.09101703172155 4.632230063698827 -7.177092294256954 -3.19152 -1.858398 54.42804
59 48.94124883560903 4.799222271873356 -7.6038070939408 -3.248811 -1.886487 55.39178
60 49.8041303768357 4.969832965919058 -7.990933154319752 -3.310922 -1.913841 56.35039
61 50.65294854056987 5.160200141435225 -8.407117155464638 -3.371514 -1.938229 57.31251
62 51.51315902165744 5.347226237943697 -8.800079300089147 -3.438994 -1.956763 58.274
63 52.35150041623323 5.537875713691503 -9.214322082645223 -3.511313 -1.975962 59.2254
64 53.180738623858375 5.732335961328234 -9.620519995742644 -3.579193 -1.998111 60.16633
65 53.982152777355445 5.932275255004651 -10.042068503371066 -3.641784 -2.021539 61.09125
66 54.770551901762005 6.135210583414142 -10.465335088891704 -3.703384 -2.049159 62.00632
67 55.55292503707869 6.339969183278623 -10.890799393877776 -3.776035 -2.078109 62.91678
68 56.318695660592674 6.552609109872245 -11.316576578718928 -3.84394 -2.112094 63.81519
69 57.07112068533035 6.759614239306907 -11.736019565024879 -3.912602 -2.145353 64.69786
70 57.80205483377092 6.979587476261234 -12.157187870417506 -3.978228 -2.173835 65.56672
71 58.5228826807859 7.1848813562256115 -12.575005080453066 -4.046625 -2.201409 66.42163
72 59.21671012537275 7.396826606820217 -13.010506038369902 -4.114442 -2.230822 67.26455
73 59.897038817181254 7.600568921474113 -13.443508451598268 -4.179994 -2.258366 68.09328
74 60.563793016867926 7.810796102445545 -13.871300699495551 -4.244856 -2.28331 68.90994
75 61.19875214180587 8.043993519941075 -14.312427435912026 -4.313021 -2.307845 69.71424
76 61.8388021508974 8.257911205668119 -14.736492656900642 -4.381935 -2.329476 70.50799
77 62.455650666940954 8.487288319474589 -15.15406099881207 -4.44551 -2.355391 71.28437
78 63.047004616781415 8.70415858600801 -15.573311600632533 -4.514875 -2.382091 72.03735
79 63.630489660607935 8.9158845012425 -15.96506137520028 -4.58021 -2.409731 72.76791
80 64.17763506147374 9.136402353472516 -16.370839326115874 -4.644343 -2.432982 73.48065
81 64.7206425902357 9.352728697644444 -16.752884456443475 -4.709494 -2.459523 74.17539
82 65.23513303536924 9.567480795847796 -17.142240721059267 -4.77573 -2.490277 74.85147
83 65.72637463468355 9.784602938720472 -17.525550795263555 -4.837515 -2.525955 75.50744
84 66.20500631201612 9.986935364171728 -17.8886366985176 -4.891889 -2.556654 76.13828
85 66.6570276418137 10.183429504750576 -18.25512998316989 -4.937677 -2.585469 76.7501
86 67.1015729958932 10.378473498130804 -18.602201697721235 -4.985837 -2.616742 77.34409
87 67.52544412087448 10.578131567338025 -18.951501963029703 -5.039038 -2.646048 77.92534
88 67.95688590638973 10.763569181408 -19.27912307717904 -5.092732 -2.675699 78.49464
89 68.36070081963068 10.962168867569057 -19.607398277647995 -5.133801 -2.70184 79.04953
90 68.75073858703263 11.158020201622938 -19.932260576752405 -5.159772 -2.729207 79.5923
91 69.12870106293396 11.354410885695122 -20.250973048259574 -5.183357 -2.7568 80.12304
92 69.4864489729948 11.54442596137598 -20.56515938308192 -5.208269 -2.780022 80.63455
93 69.83648308791915 11.73661449488949 -20.869408040433182 -5.235209 -2.801727 81.13538
94 70.17839721272183 11.919626493970263 -21.16578598270096 -5.248892 -2.822088 81.62286
95 70.49749852945145 12.107121548650309 -21.462938582139277 -5.236828 -2.839863 82.09701
96 70.81215817707512 12.282928887176892 -21.749186397689986 -5.207469 -2.859306 82.55594
97 71.10710690903836 12.469833879368345 -22.0409486784721 -5.163543 -2.878004 83.00846
98 71.39989774854216 12.655356296349916 -22.328198314569303 -5.10562 -2.895751 83.45454
99 71.68073245769148 12.838366895245924 -22.609693714030378 -5.02956 -2.911918 83.8853
100 71.95901357796254 13.023512103960886 -22.893849460255176 -4.934649 -2.926167 84.31338
101 72.23087061386126 13.210816749695974 -23.17228608236408 -4.817297 -2.942364 84.72869
102 72.48033568548898 13.393030441686102 -23.44661629315229 -4.680938 -2.961855 85.1182
103 72.73555170910849 13.581681577587252 -23.71655371448556 -4.519193 -2.980545 85.50171
104 72.9738676417026 13.764383751685505 -23.976155344674147 -4.336344 -2.995233 85.85373
105 73.21048411536182 13.95406270957107 -24.2419002647056 -4.130089 -3.006846 86.20001
106 73.4448697397374 14.144352879724423 -24.499492081165428 -3.903866 -3.018353 86.52588
107 73.65972175104812 14.330390222880224 -24.749608826960802 -3.65638 -3.030941 86.8121
108 73.88011320186213 14.520623256693534 -25.005010566679392 -3.393066 -3.048142 87.09558
109 74.0897625159533 14.707852054077566 -25.251083049123555 -3.115393 -3.063358 87.34503
110 74.30644524114852 14.906243274287053 -25.504788374100706 -2.817803 -3.074584 87.59401
111 74.50294283345677 15.104604347419192 -25.76775003654398 -2.508137 -3.08446 87.8201
112 74.70880330007729 15.296466743860629 -26.017177591077413 -2.182602 -3.093149 88.00813
113 74.9253546114269 15.482023232325968 -26.26883758264973 -1.847638 -3.103538 88.18799
114 75.12190333203445 15.676928404683418 -26.51585747104103 -1.511055 -3.116572 88.34349
115 75.3281649546045 15.87580858479842 -26.765878158717452 -1.165582 -3.127427 88.50204
116 75.5256301751969 16.079308123754462 -27.020554104046873 -0.8110714 -3.138031 88.64159
117 75.71817332312358 16.281691909961197 -27.272951690132636 -0.4500223 -3.146259 88.74795
118 75.90811651564061 16.49856871014511 -27.533244132839563 -0.07268361 -3.150458 88.83995
119 76.0959784030941 16.71315025461855 -27.792763983387363 0.3020916 -3.156586 88.93047
120 76.28073528748163 16.93077115550174 -28.05212139890263 0.676345 -3.166835 89.02315
121 76.46639366919936 17.149551007284824 -28.314165099816666 1.050891 -3.185174 89.12503
122 76.66187323071713 17.363452730840237 -28.580627710292966 1.434583 -3.205997 89.21056
123 76.84632957733517 17.600653377307303 -28.850942516076767 1.83291 -3.222114 89.27715
124 77.03028224636121 17.843980855107564 -29.126927869136594 2.240743 -3.234217 89.3295
125 77.2290459938549 18.087444513792043 -29.411756210786855 2.66275 -3.232193 89.3721
126 77.41339181968385 18.348148112621296 -29.699139262726106 3.089762 -3.233114 89.41899
127 77.60467738739386 18.62233648371691 -30.00092285390825 3.53677 -3.247013 89.47222
128 77.80736179078568 18.903001049200252 -30.316452560065613 4.002128 -3.269703 89.52059
129 78.00461246014932 19.197108146834474 -30.63376880103316 4.475771 -3.292077 89.55606
130 78.21625781877471 19.49454881392622 -30.95739495246927 4.962461 -3.311658 89.58341
0 0.0 0.0 0.0 5.551115e-17 3.330669e-16 -4.440892e-16
1 0.8063744425888292 0.16706414891585192 0.24942291543992065 -0.04690294 -0.02839928 0.8586941
2 -0.023147374828431655 0.13599853372236254 0.47162076003868103 -0.09374345 -0.05676064 1.716275
3 0.8176023317263261 0.19546048222362086 0.6447015308162153 -0.1406429 -0.08515762 2.574964
4 -0.01607119435809712 0.14809870549097387 0.8480874966333221 -0.1874858 -0.1135202 3.432648
5 0.8185505488326259 0.114628120067051 0.6416047391045183 -0.2343818 -0.141915 4.291335
6 0.0023686006121907965 0.14329104869374243 0.9091686325270345 -0.2812195 -0.1702743 5.148987
7 -0.8560982511561039 0.08643153909400694 0.891065924387085 -0.3281178 -0.1986703 6.007777
8 -1.7143534959689832 0.06903704810370914 0.9328099958424895 -0.3749547 -0.227029 6.865477
9 -2.571127910232186 -0.003107433867653761 0.9621361934009677 -0.4218367 -0.2554151 7.724036
10 -3.4267194897843534 -0.05411633597101647 1.0395310550542276 -0.4687329 -0.2838096 8.582886
11 -4.263531198516203 -0.04564267205430999 1.2339154694869887 -0.5155474 -0.3121547 9.440275
12 -5.117824251903019 -0.12236666234377239 1.3020376062316772 -0.562431 -0.3405416 10.29896
13 -5.948567377379932 -0.17107710246528945 1.5204578908869 -0.6093087 -0.368925 11.15757
14 -6.790324657556806 -0.25255114230460407 1.674425517457235 -0.6562052 -0.3973964 12.01541
15 -7.54987950054874 -0.2561608407215172 2.0688599703667743 -0.7018788 -0.4239119 12.86965
16 -8.327602108183568 -0.3282192836219268 2.4374734301543155 -0.7498241 -0.4540039 13.73146
17 -9.081890775031924 -0.448683422658408 2.85544215858138 -0.7992511 -0.484077 14.60026
18 -9.931035483767705 -0.5809067663041037 3.052202885538741 -0.8546642 -0.515507 15.47957
19 -10.708296168327317 -0.6889208358578021 3.4761416715437226 -0.9072868 -0.5464705 16.3694
20 -11.446706808327171 -0.7649835257361757 3.9880649266657415 -0.9609163 -0.5783595 17.26896
21 -12.189206401769164 -0.9085341144902342 4.4872870585276665 -1.011589 -0.6092403 18.17318
22 -12.941339458271193 -1.058339247710313 4.982772928339136 -1.066256 -0.6387363 19.08411
23 -13.562019262248329 -1.2042481832350833 5.6391839433909015 -1.118651 -0.6686219 19.99722
24 -14.153555896135382 -1.3341035788145872 6.329747155685239 -1.17184 -0.6990778 20.91368
25 -14.818589029626732 -1.5497297859226766 6.941067952961388 -1.224279 -0.7287421 21.84042
26 -15.39233715135606 -1.7319193029916107 7.657999933683696 -1.280807 -0.7604717 22.77432
27 -15.913365816788787 -1.938828705193132 8.409206303700191 -1.334841 -0.7929673 23.70953
28 -16.306200586354013 -2.0972134793472104 9.252857093905003 -1.385747 -0.8209244 24.65175
29 -16.645722881538457 -2.2765482615092743 10.118389924159597 -1.436633 -0.8456208 25.59694
30 -17.01536560915902 -2.5070821831217813 10.961972977729188 -1.487044 -0.8702127 26.54471
31 -17.2627807344451 -2.727209074738693 11.855907528492333 -1.538025 -0.8971121 27.49627
32 -17.472728185897687 -2.959759540270755 12.763381810879654 -1.586551 -0.9254151 28.45466
33 -17.56247206393121 -3.1772094186307447 13.704290222402868 -1.633363 -0.955563 29.42293
34 -17.681633222769786 -3.468933920145799 14.629106758459681 -1.680971 -0.9838377 30.39839
35 -17.71506569882187 -3.7348387161919656 15.57261293214651 -1.728893 -1.011772 31.37765
36 -17.623142890833257 -3.9762930182727936 16.51858441250316 -1.768976 -1.036363 32.35714
37 -17.393770362302043 -4.170607773691469 17.45193769905749 -1.815834 -1.059789 33.33631
38 -17.122081958693816 -4.376609521398442 18.376930068786283 -1.870663 -1.088016 34.32021
39 -16.77925241026213 -4.59307941710894 19.305634476419954 -1.92978 -1.12988 35.33097
40 -16.34882670239799 -4.817011484151108 20.2485760261503 -1.993748 -1.194548 36.38751
41 -15.918480311682053 -5.067282945179418 21.1669583045494 -2.061112 -1.249881 37.4285
42 -15.345076275678531 -5.246384171420501 22.023917637817796 -2.126953 -1.305052 38.47151
43 -14.760559929784995 -5.447796792726576 22.85405515489426 -2.190967 -1.349142 39.50365
44 -14.05726990874334 -5.593114017203795 23.603358812634212 -2.256115 -1.393047 40.53855
45 -13.337257515263108 -5.752976062544129 24.316272206164918 -2.32994 -1.426813 41.56111
46 -12.577122139348042 -5.911747854888989 24.985097303111843 -2.399728 -1.460731 42.58303
47 -11.76242136197243 -6.025350050513869 25.575481172885386 -2.465214 -1.489501 43.59302
48 -10.91793449984855 -6.1524798263000955 26.11080380481001 -2.535885 -1.52285 44.5979
49 -10.056218859494317 -6.283636271838825 26.60836723267478 -2.600016 -1.559885 45.59882
50 -9.177681213461359 -6.43281164483456 27.065875111907967 -2.661881 -1.593756 46.59803
51 -8.252845714374871 -6.53389791475929 27.42604529789253 -2.728914 -1.629817 47.59275
52 -7.296300260956945 -6.577417710681642 27.673673721851443 -2.800794 -1.664529 48.57856
53 -6.334416610378895 -6.608090782778432 27.86155457033467 -2.871336 -1.697621 49.556
54 -5.365572200359052 -6.6592616294714295 28.028697416388685 -2.937935 -1.729013 50.53773
55 -4.386288627635709 -6.694981410452469 28.113118030375244 -3.002463 -1.766742 51.51845
56 -3.4078716858988907 -6.667730285815735 28.086956214815093 -3.065844 -1.798994 52.49501
57 -2.437535586036471 -6.642079478452159 28.02583345460763 -3.130185 -1.830051 53.46498
58 -1.4752326201048285 -6.63138433193513 27.948965295828092 -3.19152 -1.858398 54.42804
59 -0.5319062660021147 -6.559837632164857 27.75433102955092 -3.248811 -1.886487 55.39178
60 0.39931507554884704 -6.508868451232496 27.522451523401468 -3.310922 -1.913841 56.35039
61 1.3190068017601695 -6.479143242131925 27.233964781781722 -3.371514 -1.938229 57.31251
62 2.200947687444053 -6.402496110536552 26.8523031894865 -3.438994 -1.956763 58.274
63 3.0141264611793037 -6.266053042349721 26.37179910994898 -3.511313 -1.975962 59.2254
64 3.755392063638001 -6.099727440781048 25.812059314708936 -3.579193 -1.998111 60.16633
65 4.537795885805041 -6.030215612649415 25.319153770336378 -3.641784 -2.021539 61.09125
66 5.258834804045321 -5.929767930090518 24.760652498402788 -3.703384 -2.049159 62.00632
67 5.913197034620748 -5.792145782071036 24.13781712892554 -3.776035 -2.078109 62.91678
68 6.508817874032911 -5.649483113143245 23.476160287426605 -3.84394 -2.112094 63.81519
69 7.044997485691247 -5.509728841571624 22.784852014769314 -3.912602 -2.145353 64.69786
70 7.485217343222797 -5.336038348592693 22.05268141614927 -3.978228 -2.173835 65.56672
71 7.880712674254315 -5.15884227603549 21.312077218086934 -4.046625 -2.201409 66.42163
72 8.241500142187322 -4.996653245921498 20.56407620341437 -4.114442 -2.230822 67.26455
73 8.510383514834336 -4.816094570751054 19.797949943405847 -4.179994 -2.258366 68.09328
74 8.799750043253137 -4.672118966984775 19.044756159887285 -4.244856 -2.28331 68.90994
75 8.93565788567315 -4.479356519292624 18.27240998065257 -4.313021 -2.307845 69.71424
76 9.026743422831133 -4.291392928273576 17.503235608075798 -4.381935 -2.329476 70.50799
77 9.097311582252814 -4.12477312838779 16.745121336074643 -4.44551 -2.355391 71.28437
78 9.10805154532719 -3.9745171592703996 16.00362887450624 -4.514875 -2.382091 72.03735
79 9.062958776907648 -3.8298672802792177 15.28544115519527 -4.58021 -2.409731 72.76791
80 8.930668255319247 -3.6627680171113397 14.60189963309393 -4.644343 -2.432982 73.48065
81 8.809636902569611 -3.5188248134170808 13.929408361147729 -4.709494 -2.459523 74.17539
82 8.601250871688746 -3.374527274328386 13.298400702748337 -4.77573 -2.490277 74.85147
83 8.359240154048464 -3.2410016209920935 12.699244079437415 -4.837515 -2.525955 75.50744
84 8.087769784946461 -3.113222571879835 12.140822715783965 -4.891889 -2.556654 76.13828
85 7.7704999520731075 -2.973246452764426 11.633873904960907 -4.937677 -2.585469 76.7501
86 7.426829982938678 -2.8605475074277735 11.159204118410157 -4.985837 -2.616742 77.34409
87 7.0678584409598635 -2.752742271982854 10.71080896478221 -5.039038 -2.646048 77.92534
88 6.6973253842524345 -2.6574408838311334 10.284795330328567 -5.092732 -2.675699 78.49464
89 6.310262192244227 -2.576165780393913 9.892558960653743 -5.133801 -2.70184 79.04953
90 5.891770276985626 -2.493326256783484 9.554883304703875 -5.159772 -2.729207 79.5923
91 5.466713340353666 -2.4262522363220365 9.242105028805117 -5.183357 -2.7568 80.12304
92 5.042998038786537 -2.3704170792419745 8.958997050147287 -5.208269 -2.780022 80.63455
93 4.614185376180096 -2.333651609297784 8.700548679803907 -5.235209 -2.801727 81.13538
94 4.178107027177695 -2.3003455688224066 8.483834752219183 -5.248892 -2.822088 81.62286
95 3.7418717203451455 -2.272384116279748 8.298911450644152 -5.236828 -2.839863 82.09701
96 3.3019430846174087 -2.255549756903708 8.164612806417418 -5.207469 -2.859306 82.55594
97 2.8570467554019414 -2.233543949717662 8.071680251407425 -5.163543 -2.878004 83.00846
98 2.413617082827027 -2.232605519932829 7.994048806955853 -5.10562 -2.895751 83.45454
99 1.9776107900948694 -2.2303036498342497 7.955397970211815 -5.02956 -2.911918 83.8853
100 1.539011264389034 -2.238008396513286 7.961289595727936 -4.934649 -2.926167 84.31338
101 1.1083793385764635 -2.2520268115742486 7.990884516291084 -4.817297 -2.942364 84.72869
102 0.6966667894482588 -2.274771460082645 8.016714226250457 -4.680938 -2.961855 85.1182
103 0.2910197240110298 -2.3016096254519933 8.107932932702436 -4.519193 -2.980545 85.50171
104 -0.09228535488890999 -2.336865536301787 8.204895872966532 -4.336344 -2.995233 85.85373
105 -0.46603572987189756 -2.3719978760082285 8.352076717850748 -4.130089 -3.006846 86.20001
106 -0.8287052758709295 -2.413615645294526 8.507766394330869 -3.903866 -3.018353 86.52588
107 -1.17611749419024 -2.4702802980666467 8.647134733736452 -3.65638 -3.030941 86.8121
108 -1.4827374582705026 -2.509648276021532 8.880427269699693 -3.393066 -3.048142 87.09558
109 -1.759608782250547 -2.557081181255311 9.12670254970891 -3.115393 -3.063358 87.34503
110 -2.0675590146150116 -2.633166834513144 9.350431178478233 -2.817803 -3.074584 87.59401
111 -2.3465486952707084 -2.6923000179563115 9.606898095907184 -2.508137 -3.08446 87.8201
112 -2.6069326584602925 -2.7585745397604233 9.869979253193904 -2.182602 -3.093149 88.00813
113 -2.8469420646651247 -2.837418379255573 10.15429873216759 -1.847638 -3.103538 88.18799
114 -3.0665258608161596 -2.9182400628435645 10.442203339589742 -1.511055 -3.116572 88.34349
115 -3.282319421755271 -3.005795054101502 10.742827340323279 -1.165582 -3.127427 88.50204
116 -3.4402386077118585 -3.0708024344278537 11.083561817648766 -0.8110714 -3.138031 88.64159
117 -3.591825799225354 -3.1563802476769247 11.417379677331812 -0.4500223 -3.146259 88.74795
118 -3.6878933615187086 -3.227585349083818 11.786929370310391 -0.07268361 -3.150458 88.83995
119 -3.80045908568902 -3.3208057717385686 12.143758168695031 0.3020916 -3.156586 88.93047
120 -3.877683157971332 -3.411388081782572 12.510625337544722 0.676345 -3.166835 89.02315
121 -3.9151175617848257 -3.4945775935374948 12.888353718768723 1.050891 -3.185174 89.12503
122 -3.9664016814794594 -3.6145775707551806 13.259754410243445 1.434583 -3.205997 89.21056
123 -3.92172368751314 -3.6801536667652353 13.656064941525702 1.83291 -3.222114 89.27715
124 -3.8924392462959547 -3.7824998221826296 14.053409183930036 2.240743 -3.234217 89.3295
125 -3.809146818389736 -3.8782801429646736 14.458127933470227 2.66275 -3.232193 89.3721
126 -3.7264537904110875 -3.996557281330658 14.862740278992053 3.089762 -3.233114 89.41899
127 -3.5924940858326404 -4.099457300232498 15.280243753018624 3.53677 -3.247013 89.47222
128 -3.434291674280658 -4.210090376727353 15.707028101991755 4.002128 -3.269703 89.52059
129 -3.27096391220796 -4.344859572805268 16.132771820853037 4.475771 -3.292077 89.55606
130 -3.035727817840451 -4.419378229271117 16.553615668267067 4.962461 -3.311658 89.58341
0 0.0 0.0 0.0 5.551115e-17 3.330669e-16 -4.440892e-16
1 0.8185352937764822 0.15330134847827157 0.2164731661360469 -0.04690294 -0.02839928 0.8586941
2 -0.022769788657000523 0.1422332879834556 0.04175437358243134 -0.09374345 -0.05676064 1.716275
3 0.8008872403975613 0.16949875656911184 0.2891375547331305 -0.1406429 -0.08515762 2.574964
4 -0.03639689414450109 0.10604240394916939 0.4723017063485292 -0.1874858 -0.1135202 3.432648
5 0.8007557315023868 0.11631649423400976 0.27376005355652655 -0.2343818 -0.141915 4.291335
6 0.0024700314820848 0.10895738098086595 0.5919592957570745 -0.2812195 -0.1702743 5.148987
7 -0.8517348570035446 0.056219373041196036 0.5020773817548811 -0.3281178 -0.1986703 6.007777
8 -1.7106154839813499 0.044126463276879906 0.5308007381559695 -0.3749547 -0.227029 6.865477
9 -2.5670780835817086 -0.020415384743677538 0.4814710876595867 -0.4218367 -0.2554151 7.724036
10 -3.423435413216094 -0.040101849925991015 0.5644975338967949 -0.4687329 -0.2838096 8.582886
11 -4.25449716211927 -0.11083153904390662 0.7705184551949389 -0.5155474 -0.3121547 9.440275
12 -5.112807534524391 -0.16172128164814184 0.7380014444924802 -0.562431 -0.3405416 10.29896
13 -5.956193343322747 -0.21348516448716465 0.8999741156559191 -0.6093087 -0.368925 11.15757
14 -6.812724821063366 -0.2731018986564758 0.9411935355531573 -0.6562052 -0.3973964 12.01541
15 -7.533958053246093 -0.3589340757748548 1.393930312547898 -0.7018788 -0.4239119 12.86965
16 -8.382719351905681 -0.43432934188625616 1.534786864052506 -0.7498241 -0.4540039 13.73146
17 -9.178709666979193 -0.5054301501391055 1.8804817483761975 -0.7992511 -0.484077 14.60026
18 -10.055694470606598 -0.5918469488720519 1.906449492886647 -0.8546642 -0.515507 15.47957
19 -10.877850666131161 -0.7073531881276253 2.2323985749786446 -0.9072868 -0.5464705 16.3694
20 -11.664177924929989 -0.8120039723737025 2.6611629398900183 -0.9609163 -0.5783595 17.26896
21 -12.465275765934255 -0.9334014107115959 3.0669215699118926 -1.011589 -0.6092403 18.17318
22 -13.311445883248027 -1.08167394893582 3.3762164886848067 -1.066256 -0.6387363 19.08411
23 -14.067881657003985 -1.214551686572203 3.8737671737765056 -1.118651 -0.6686219 19.99722
24 -14.784823055291795 -1.3670422249700527 4.4272987720489665 -1.17184 -0.6990778 20.91368
25 -15.568413846206484 -1.5686137778048639 4.883183876540164 -1.224279 -0.7287421 21.84042
26 -16.30344360510703 -1.7605334930691954 5.430239146804161 -1.280807 -0.7604717 22.77432
27 -17.001909932792934 -1.978884883923932 6.015953104701816 -1.334841 -0.7929673 23.70953
28 -17.62379469450954 -2.1758328632901582 6.698318391952455 -1.385747 -0.8209244 24.65175
29 -18.20452717626295 -2.396424394286747 7.412931989890579 -1.436633 -0.8456208 25.59694
30 -18.856957814643366 -2.655387038254096 8.052218009211016 -1.487044 -0.8702127 26.54471
31 -19.383550290178224 -2.907239743963709 8.805915331097047 -1.538025 -0.8971121 27.49627
32 -19.901380804423063 -3.1731065390822524 9.569350744446025 -1.586551 -0.9254151 28.45466
33 -20.34852261667538 -3.4530212199784938 10.383205168328379 -1.633363 -0.955563 29.42293
34 -20.75848259084375 -3.7510658177116265 11.218483821991962 -1.680971 -0.9838377 30.39839
35 -21.169976062830223 -4.056485564121966 12.054796497858861 -1.728893 -1.011772 31.37765
36 -21.39462278088026 -4.3183847485322815 12.972704278381809 -1.768976 -1.036363 32.35714
37 -21.596048769494857 -4.604237864942357 13.888801383218011 -1.815834 -1.059789 33.33631
38 -21.771622885291144 -4.896504012551419 14.813796746230238 -1.870663 -1.088016 34.32021
39 -21.895996019975627 -5.209216624814953 15.769634251920964 -1.92978 -1.12988 35.33097
40 -21.958202745783094 -5.52225812873104 16.78091362328096 -1.993748 -1.194548 36.38751
41 -22.064299586077677 -5.874936392422679 17.758472487126998 -2.061112 -1.249881 37.4285
42 -22.01965054683027 -6.1854834810906025 18.756879070456737 -2.126953 -1.305052 38.47151
43 -21.986203075021535 -6.519012972849109 19.7361614835802 -2.190967 -1.349142 39.50365
44 -21.890174376078463 -6.854286166784932 20.71368912786264 -2.256115 -1.393047 40.53855
45 -21.69163194805304 -7.157116917794285 21.673425376786206 -2.32994 -1.426813 41.56111
46 -21.45686423297932 -7.466317688494613 22.621908526570845 -2.399728 -1.460731 42.58303
47 -21.134901185311524 -7.738507740378383 23.542478078961093 -2.465214 -1.489501 43.59302
48 -20.784834396366367 -8.032907833326151 24.440627392267057 -2.535885 -1.52285 44.5979
49 -20.469183377183164 -8.368553568252269 25.332272836095775 -2.600016 -1.559885 45.59882
50 -20.083743449452637 -8.693155646539795 26.197989129028105 -2.661881 -1.593756 46.59803
51 -19.617419356247694 -8.979746100346116 27.03205714129909 -2.728914 -1.629817 47.59275
52 -19.059084477371748 -9.221658797509747 27.811757996387502 -2.800794 -1.664529 48.57856
53 -18.46588560543106 -9.447703533145765 28.559072577837323 -2.871336 -1.697621 49.556
54 -17.873764654798777 -9.696179503768043 29.305307895421965 -2.937935 -1.729013 50.53773
55 -17.236734454854357 -9.942212658520512 30.013163297143475 -3.002463 -1.766742 51.51845
56 -16.525932369058648 -10.135575209629435 30.65821995738513 -3.065844 -1.798994 52.49501
57 -15.805219357895405 -10.327271641652302 31.282536652596548 -3.130185 -1.830051 53.46498
58 -15.100825046280782 -10.534376990417574 31.909422708041863 -3.19152 -1.858398 54.42804
59 -14.320322881661319 -10.687532332968901 32.457351398908024 -3.248811 -1.886487 55.39178
60 -13.53641356302115 -10.860382321056123 32.98569618359351 -3.310922 -1.913841 56.35039
61 -12.716682636904416 -11.033615931401403 33.46316072093901 -3.371514 -1.938229 57.31251
62 -11.868395381540347 -11.186450990175155 33.89491326216201 -3.438994 -1.956763 58.274
63 -10.978554957008381 -11.271701491179055 34.22909430637211 -3.511313 -1.975962 59.2254
64 -10.108639454615254 -11.411478233097943 34.56696561118455 -3.579193 -1.998111 60.16633
65 -9.238259668295905 -11.524954972485 34.866140423041706 -3.641784 -2.021539 61.09125
66 -8.35373498827323 -11.608007748853732 35.09555022245801 -3.703384 -2.049159 62.00632
67 -7.451074826911823 -11.634567046962864 35.23538197377347 -3.776035 -2.078109 62.91678
68 -6.56117964060385 -11.683853520969851 35.37163173786814 -3.84394 -2.112094 63.81519
69 -5.683887403209814 -11.740827928535534 35.481355059526365 -3.912602 -2.145353 64.69786
70 -4.812239904639615 -11.746838952843213 35.49652745627453 -3.978228 -2.173835 65.56672
71 -3.954303716648824 -11.737602546964943 35.4834979003625 -4.046625 -2.201409 66.42163
72 -3.1082487958928127 -11.744476173213844 35.47244254940742 -4.114442 -2.230822 67.26455
73 -2.28396025154183 -11.710278078142867 35.36648012453311 -4.179994 -2.258366 68.09328
74 -1.467887406341649 -11.717277966108938 35.290724262216294 -4.244856 -2.28331 68.90994
75 -0.6778596842729311 -11.654713763953511 35.13551845555442 -4.313021 -2.307845 69.71424
76 0.0863211116382977 -11.581361519649525 34.921267991207074 -4.381935 -2.329476 70.50799
77 0.826529660744349 -11.510498813283164 34.6877106044116 -4.44551 -2.355391 71.28437
78 1.5381368733671186 -11.44885486524043 34.438073923937814 -4.514875 -2.382091 72.03735
79 2.214801917103831 -11.38291262072899 34.16143953634549 -4.58021 -2.409731 72.76791
80 2.8372430498621743 -11.26659294193143 33.827240902498886 -4.644343 -2.432982 73.48065
81 3.437871237698771 -11.148822156746377 33.49110318189167 -4.709494 -2.459523 74.17539
82 3.9983927221288402 -11.034250643443055 33.12353520662217 -4.77573 -2.490277 74.85147
83 4.525584068640902 -10.919864716567634 32.74357193115381 -4.837515 -2.525955 75.50744
84 5.018718620084312 -10.809592991357537 32.36079715812287 -4.891889 -2.556654 76.13828
85 5.459273341731139 -10.663649057253268 31.958475815286246 -4.937677 -2.585469 76.7501
86 5.856430339912404 -10.528473475468584 31.53407578334255 -4.985837 -2.616742 77.34409
87 6.260997646553722 -10.41788974618206 31.127090177023252 -5.039038 -2.646048 77.92534
88 6.643277847142432 -10.312025687294243 30.714150270123167 -5.092732 -2.675699 78.49464
89 6.97294478380633 -10.184794931062084 30.28356349340884 -5.133801 -2.70184 79.04953
90 7.2783477931159695 -10.059062878162752 29.851194240098284 -5.159772 -2.729207 79.5923
91 7.547222203712661 -9.92923275515336 29.410906534206266 -5.183357 -2.7568 80.12304
92 7.788793461222712 -9.802484458818231 28.976878256269035 -5.208269 -2.780022 80.63455
93 8.030597868465017 -9.697523093466911 28.549629733806082 -5.235209 -2.801727 81.13538
94 8.2133924682316 -9.574313259431776 28.11414837220353 -5.248892 -2.822088 81.62286
95 8.370592941787493 -9.45000226263933 27.6838990254158 -5.236828 -2.839863 82.09701
96 8.495704150281894 -9.333574656525736 27.25652503922369 -5.207469 -2.859306 82.55594
97 8.587928767200136 -9.20196293512044 26.83081805795252 -5.163543 -2.878004 83.00846
98 8.64602519755253 -9.071787335390663 26.40380925903463 -5.10562 -2.895751 83.45454
99 8.693843945016841 -8.948031982128837 25.986677801315377 -5.02956 -2.911918 83.8853
100 8.698029715632726 -8.817246892835898 25.567939985892668 -4.934649 -2.926167 84.31338
101 8.675541568267036 -8.693690252122055 25.15472784839357 -4.817297 -2.942364 84.72869
102 8.679998406583215 -8.58378177010435 24.756491764851674 -4.680938 -2.961855 85.1182
103 8.693489354681676 -8.482956864980936 24.352458333003195 -4.519193 -2.980545 85.50171
104 8.637383431770246 -8.378648649051497 23.973592266894247 -4.336344 -2.995233 85.85373
105 8.53477982256974 -8.265951155171559 23.6002859590903 -4.130089 -3.006846 86.20001
106 8.423587837686334 -8.156200732944463 23.235468606163305 -3.903866 -3.018353 86.52588
107 8.296405751546647 -8.052308090964225 22.89435176071658 -3.65638 -3.030941 86.8121
108 8.14964947518437 -7.950773363726893 22.550630446407855 -3.393066 -3.048142 87.09558
109 8.026170454566898 -7.872644260440394 22.206816690470145 -3.115393 -3.063358 87.34503
110 7.893113761288932 -7.796173413231733 21.850270764287945 -2.817803 -3.074584 87.59401
111 7.664950062808355 -7.683942312574065 21.56312487493406 -2.508137 -3.08446 87.8201
112 7.473717616116961 -7.597673134491767 21.25104860846795 -2.182602 -3.093149 88.00813
113 7.259061236293744 -7.52050072399577 20.946704247790066 -1.847638 -3.103538 88.18799
114 7.038088272185911 -7.448799207590691 20.657449874057168 -1.511055 -3.116572 88.34349
115 6.807740740041197 -7.37504581744297 20.364008262947642 -1.165582 -3.127427 88.50204
116 6.553902625799558 -7.312925924736207 20.086570443757992 -0.8110714 -3.138031 88.64159
117 6.280304125714985 -7.249303381024634 19.835906056822086 -0.4500223 -3.146259 88.74795
118 5.952492781683109 -7.182115079054327 19.638696591090145 -0.07268361 -3.150458 88.83995
119 5.653270994292762 -7.123914327819873 19.402546479251903 0.3020916 -3.156586 88.93047
120 5.337660363741061 -7.0699457300313755 19.1875172901913 0.676345 -3.166835 89.02315
121 4.999257094749241 -7.017329390015766 19.00390000414227 1.050891 -3.185174 89.12503
122 4.672303470415368 -6.983310062437537 18.787306971061632 1.434583 -3.205997 89.21056
123 4.290657020431519 -6.935147352097273 18.66327179352959 1.83291 -3.222114 89.27715
124 3.910596754466036 -6.90272334441964 18.509266472328125 2.240743 -3.234217 89.3295
125 3.5050406539844716 -6.880529140797827 18.38703541525677 2.66275 -3.232193 89.3721
126 3.104015615562125 -6.865515738697316 18.233763484360335 3.089762 -3.233114 89.41899
127 2.663994110738582 -6.8538929560812845 18.138428530738462 3.53677 -3.247013 89.47222
128 2.201251047669115 -6.850078004423017 18.065855361530197 4.002128 -3.269703 89.52059
129 1.733977150915642 -6.85935822329518 17.97830314182385 4.475771 -3.292077 89.55606
130 1.2463920116371072 -6.862629219561516 17.962535240912285 4.962461 -3.311658 89.58341
0 0.0 0.0 0.0 5.551115e-17 3.330669e-16 -4.440892e-16
1 0.8185352937764822 0.15330134847827157 0.2164731661360469 -0.04690294 -0.02839928 0.8586941
2 -0.022769788657000523 0.1422332879834556 0.04175437358243134 -0.09374345 -0.05676064 1.716275
3 0.8008872403975613 0.16949875656911184 0.2891375547331305 -0.1406429 -0.08515762 2.574964
4 -0.03639689414450109 0.10604240394916939 0.4723017063485292 -0.1874858 -0.1135202 3.432648
5 0.8007557315023868 0.11631649423400976 0.27376005355652655 -0.2343818 -0.141915 4.291335
6 0.0024700314820848 0.10895738098086595 0.5919592957570745 -0.2812195 -0.1702743 5.148987
7 -0.8517348570035446 0.056219373041196036 0.5020773817548811 -0.3281178 -0.1986703 6.007777
8 -1.7106154839813499 0.044126463276879906 0.5308007381559695 -0.3749547 -0.227029 6.865477
9 -2.5670780835817086 -0.020415384743677538 0.4814710876595867 -0.4218367 -0.2554151 7.724036
10 -3.423435413216094 -0.040101849925991015 0.5644975338967949 -0.4687329 -0.2838096 8.582886
11 -4.25449716211927 -0.11083153904390662 0.7705184551949389 -0.5155474 -0.3121547 9.440275
12 -5.112807534524391 -0.16172128164814184 0.7380014444924802 -0.562431 -0.3405416 10.29896
13 -5.956193343322747 -0.21348516448716465 0.8999741156559191 -0.6093087 -0.368925 11.15757
14 -6.812724821063366 -0.2731018986564758 0.9411935355531573 -0.6562052 -0.3973964 12.01541
15 -7.533958053246093 -0.3589340757748548 1.393930312547898 -0.7018788 -0.4239119 12.86965
16 -8.382719351905681 -0.43432934188625616 1.534786864052506 -0.7498241 -0.4540039 13.73146
17 -9.178709666979193 -0.5054301501391055 1.8804817483761975 -0.7992511 -0.484077 14.60026
18 -10.055694470606598 -0.5918469488720519 1.906449492886647 -0.8546642 -0.515507 15.47957
19 -10.877850666131161 -0.7073531881276253 2.2323985749786446 -0.9072868 -0.5464705 16.3694
20 -11.664177924929989 -0.8120039723737025 2.6611629398900183 -0.9609163 -0.5783595 17.26896
21 -12.465275765934255 -0.9334014107115959 3.0669215699118926 -1.011589 -0.6092403 18.17318
22 -13.311445883248027 -1.08167394893582 3.3762164886848067 -1.066256 -0.6387363 19.08411
23 -14.067881657003985 -1.214551686572203 3.8737671737765056 -1.118651 -0.6686219 19.99722
24 -14.784823055291795 -1.3670422249700527 4.4272987720489665 -1.17184 -0.6990778 20.91368
25 -15.568413846206484 -1.5686137778048639 4.883183876540164 -1.224279 -0.7287421 21.84042
26 -16.30344360510703 -1.7605334930691954 5.430239146804161 -1.280807 -0.7604717 22.77432
27 -17.001909932792934 -1.978884883923932 6.015953104701816 -1.334841 -0.7929673 23.70953
28 -17.62379469450954 -2.1758328632901582 6.698318391952455 -1.385747 -0.8209244 24.65175
29 -18.20452717626295 -2.396424394286747 7.412931989890579 -1.436633 -0.8456208 25.59694
30 -18.856957814643366 -2.655387038254096 8.052218009211016 -1.487044 -0.8702127 26.54471
31 -19.383550290178224 -2.907239743963709 8.805915331097047 -1.538025 -0.8971121 27.49627
32 -19.901380804423063 -3.1731065390822524 9.569350744446025 -1.586551 -0.9254151 28.45466
33 -20.34852261667538 -3.4530212199784938 10.383205168328379 -1.633363 -0.955563 29.42293
34 -20.75848259084375 -3.7510658177116265 11.218483821991962 -1.680971 -0.9838377 30.39839
35 -21.169976062830223 -4.056485564121966 12.054796497858861 -1.728893 -1.011772 31.37765
36 -21.39462278088026 -4.3183847485322815 12.972704278381809 -1.768976 -1.036363 32.35714
37 -21.596048769494857 -4.604237864942357 13.888801383218011 -1.815834 -1.059789 33.33631
38 -21.771622885291144 -4.896504012551419 14.813796746230238 -1.870663 -1.088016 34.32021
39 -21.895996019975627 -5.209216624814953 15.769634251920964 -1.92978 -1.12988 35.33097
40 -21.958202745783094 -5.52225812873104 16.78091362328096 -1.993748 -1.194548 36.38751
41 -22.064299586077677 -5.874936392422679 17.758472487126998 -2.061112 -1.249881 37.4285
42 -22.01965054683027 -6.1854834810906025 18.756879070456737 -2.126953 -1.305052 38.47151
43 -21.986203075021535 -6.519012972849109 19.7361614835802 -2.190967 -1.349142 39.50365
44 -21.890174376078463 -6.854286166784932 20.71368912786264 -2.256115 -1.393047 40.53855
45 -21.69163194805304 -7.157116917794285 21.673425376786206 -2.32994 -1.426813 41.56111
46 -21.45686423297932 -7.466317688494613 22.621908526570845 -2.399728 -1.460731 42.58303
47 -21.134901185311524 -7.738507740378383 23.542478078961093 -2.465214 -1.489501 43.59302
48 -20.784834396366367 -8.032907833326151 24.440627392267057 -2.535885 -1.52285 44.5979
49 -20.469183377183164 -8.368553568252269 25.332272836095775 -2.600016 -1.559885 45.59882
50 -20.083743449452637 -8.693155646539795 26.197989129028105 -2.661881 -1.593756 46.59803
51 -19.617419356247694 -8.979746100346116 27.03205714129909 -2.728914 -1.629817 47.59275
52 -19.059084477371748 -9.221658797509747 27.811757996387502 -2.800794 -1.664529 48.57856
53 -18.46588560543106 -9.447703533145765 28.559072577837323 -2.871336 -1.697621 49.556
54 -17.873764654798777 -9.696179503768043 29.305307895421965 -2.937935 -1.729013 50.53773
55 -17.236734454854357 -9.942212658520512 30.013163297143475 -3.002463 -1.766742 51.51845
56 -16.525932369058648 -10.135575209629435 30.65821995738513 -3.065844 -1.798994 52.49501
57 -15.805219357895405 -10.327271641652302 31.282536652596548 -3.130185 -1.830051 53.46498
58 -15.100825046280782 -10.534376990417574 31.909422708041863 -3.19152 -1.858398 54.42804
59 -14.320322881661319 -10.687532332968901 32.457351398908024 -3.248811 -1.886487 55.39178
60 -13.53641356302115 -10.860382321056123 32.98569618359351 -3.310922 -1.913841 56.35039
61 -12.716682636904416 -11.033615931401403 33.46316072093901 -3.371514 -1.938229 57.31251
62 -11.868395381540347 -11.186450990175155 33.89491326216201 -3.438994 -1.956763 58.274
63 -10.978554957008381 -11.271701491179055 34.22909430637211 -3.511313 -1.975962 59.2254
64 -10.108639454615254 -11.411478233097943 34.56696561118455 -3.579193 -1.998111 60.16633
65 -9.238259668295905 -11.524954972485 34.866140423041706 -3.641784 -2.021539 61.09125
66 -8.35373498827323 -11.608007748853732 35.09555022245801 -3.703384 -2.049159 62.00632
67 -7.451074826911823 -11.634567046962864 35.23538197377347 -3.776035 -2.078109 62.91678
68 -6.56117964060385 -11.683853520969851 35.37163173786814 -3.84394 -2.112094 63.81519
69 -5.683887403209814 -11.740827928535534 35.481355059526365 -3.912602 -2.145353 64.69786
70 -4.812239904639615 -11.746838952843213 35.49652745627453 -3.978228 -2.173835 65.56672
71 -3.954303716648824 -11.737602546964943 35.4834979003625 -4.046625 -2.201409 66.42163
72 -3.1082487958928127 -11.744476173213844 35.47244254940742 -4.114442 -2.230822 67.26455
73 -2.28396025154183 -11.710278078142867 35.36648012453311 -4.179994 -2.258366 68.09328
74 -1.467887406341649 -11.717277966108938 35.290724262216294 -4.244856 -2.28331 68.90994
75 -0.6778596842729311 -11.654713763953511 35.13551845555442 -4.313021 -2.307845 69.71424
76 0.0863211116382977 -11.581361519649525 34.921267991207074 -4.381935 -2.329476 70.50799
77 0.826529660744349 -11.510498813283164 34.6877106044116 -4.44551 -2.355391 71.28437
78 1.5381368733671186 -11.44885486524043 34.438073923937814 -4.514875 -2.382091 72.03735
79 2.214801917103831 -11.38291262072899 34.16143953634549 -4.58021 -2.409731 72.76791
80 2.8372430498621743 -11.26659294193143 33.827240902498886 -4.644343 -2.432982 73.48065
81 3.437871237698771 -11.148822156746377 33.49110318189167 -4.709494 -2.459523 74.17539
82 3.9983927221288402 -11.034250643443055 33.12353520662217 -4.77573 -2.490277 74.85147
83 4.525584068640902 -10.919864716567634 32.74357193115381 -4.837515 -2.525955 75.50744
84 5.018718620084312 -10.809592991357537 32.36079715812287 -4.891889 -2.556654 76.13828
85 5.459273341731139 -10.663649057253268 31.958475815286246 -4.937677 -2.585469 76.7501
86 5.856430339912404 -10.528473475468584 31.53407578334255 -4.985837 -2.616742 77.34409
87 6.260997646553722 -10.41788974618206 31.127090177023252 -5.039038 -2.646048 77.92534
88 6.643277847142432 -10.312025687294243 30.714150270123167 -5.092732 -2.675699 78.49464
89 6.97294478380633 -10.184794931062084 30.28356349340884 -5.133801 -2.70184 79.04953
90 7.2783477931159695 -10.059062878162752 29.851194240098284 -5.159772 -2.729207 79.5923
91 7.547222203712661 -9.92923275515336 29.410906534206266 -5.183357 -2.7568 80.12304
92 7.788793461222712 -9.802484458818231 28.976878256269035 -5.208269 -2.780022 80.63455
93 8.030597868465017 -9.697523093466911 28.549629733806082 -5.235209 -2.801727 81.13538
94 8.2133924682316 -9.574313259431776 28.11414837220353 -5.248892 -2.822088 81.62286
95 8.370592941787493 -9.45000226263933 27.6838990254158 -5.236828 -2.839863 82.09701
96 8.495704150281894 -9.333574656525736 27.25652503922369 -5.207469 -2.859306 82.55594
97 8.587928767200136 -9.20196293512044 26.83081805795252 -5.163543 -2.878004 83.00846
98 8.64602519755253 -9.071787335390663 26.40380925903463 -5.10562 -2.895751 83.45454
99 8.693843945016841 -8.948031982128837 25.986677801315377 -5.02956 -2.911918 83.8853
100 8.698029715632726 -8.817246892835898 25.567939985892668 -4.934649 -2.926167 84.31338
101 8.675541568267036 -8.693690252122055 25.15472784839357 -4.817297 -2.942364 84.72869
102 8.679998406583215 -8.58378177010435 24.756491764851674 -4.680938 -2.961855 85.1182
103 8.693489354681676 -8.482956864980936 24.352458333003195 -4.519193 -2.980545 85.50171
104 8.637383431770246 -8.378648649051497 23.973592266894247 -4.336344 -2.995233 85.85373
105 8.53477982256974 -8.265951155171559 23.6002859590903 -4.130089 -3.006846 86.20001
106 8.423587837686334 -8.156200732944463 23.235468606163305 -3.903866 -3.018353 86.52588
107 8.296405751546647 -8.052308090964225 22.89435176071658 -3.65638 -3.030941 86.8121
108 8.14964947518437 -7.950773363726893 22.550630446407855 -3.393066 -3.048142 87.09558
109 8.026170454566898 -7.872644260440394 22.206816690470145 -3.115393 -3.063358 87.34503
110 7.893113761288932 -7.796173413231733 21.850270764287945 -2.817803 -3.074584 87.59401
111 7.664950062808355 -7.683942312574065 21.56312487493406 -2.508137 -3.08446 87.8201
112 7.473717616116961 -7.597673134491767 21.25104860846795 -2.182602 -3.093149 88.00813
113 7.259061236293744 -7.52050072399577 20.946704247790066 -1.847638 -3.103538 88.18799
114 7.038088272185911 -7.448799207590691 20.657449874057168 -1.511055 -3.116572 88.34349
115 6.807740740041197 -7.37504581744297 20.364008262947642 -1.165582 -3.127427 88.50204
116 6.553902625799558 -7.312925924736207 20.086570443757992 -0.8110714 -3.138031 88.64159
117 6.280304125714985 -7.249303381024634 19.835906056822086 -0.4500223 -3.146259 88.74795
118 5.952492781683109 -7.182115079054327 19.638696591090145 -0.07268361 -3.150458 88.83995
119 5.653270994292762 -7.123914327819873 19.402546479251903 0.3020916 -3.156586 88.93047
120 5.337660363741061 -7.0699457300313755 19.1875172901913 0.676345 -3.166835 89.02315
121 4.999257094749241 -7.017329390015766 19.00390000414227 1.050891 -3.185174 89.12503
122 4.672303470415368 -6.983310062437537 18.787306971061632 1.434583 -3.205997 89.21056
123 4.290657020431519 -6.935147352097273 18.66327179352959 1.83291 -3.222114 89.27715
124 3.910596754466036 -6.90272334441964 18.509266472328125 2.240743 -3.234217 89.3295
125 3.5050406539844716 -6.880529140797827 18.38703541525677 2.66275 -3.232193 89.3721
126 3.104015615562125 -6.865515738697316 18.233763484360335 3.089762 -3.233114 89.41899
127 2.663994110738582 -6.8538929560812845 18.138428530738462 3.53677 -3.247013 89.47222
128 2.201251047669115 -6.850078004423017 18.065855361530197 4.002128 -3.269703 89.52059
129 1.733977150915642 -6.85935822329518 17.97830314182385 4.475771 -3.292077 89.55606
130 1.2463920116371072 -6.862629219561516 17.962535240912285 4.962461 -3.311658 89.58341
